300.0,0.18984097459493587,0.030379662507189143
302.0,0.18887926239584138,0.03044679267481132
304.0,0.1879150491041817,0.030513135039477092
306.0,0.18694861395492593,0.030578689391703974
308.0,0.1859802290870422,0.030643455550546036
310.0,0.18501015960629766,0.030707433364606202
312.0,0.1840386636524692,0.030770622713013937
314.0,0.1830659924706673,0.030833023506368337
316.0,0.18209239048648118,0.030894635687647592
318.0,0.18280671163886833,0.02913692779576749
320.0,0.18180748550801618,0.02919561334537029
322.0,0.1808083083625353,0.029253592733089397
324.0,0.1798093985076283,0.029310865827670927
326.0,0.17881096765969265,0.029367432526422606
328.0,0.17781322104705333,0.02942329275592412
330.0,0.1768163575125624,0.029478446472711594
332.0,0.1758205696178442,0.02953289366393729
334.0,0.17482604374896638,0.02958663434800338
336.0,0.17383296022333658,0.029639668575171856
338.0,0.1728414933976256,0.029691996428150354
340.0,0.1718518117765305,0.029743618022653878
342.0,0.17086407812219812,0.029794533507943265
344.0,0.16987844956414283,0.02984474306734121
346.0,0.1688950777094922,0.029894246918724606
348.0,0.16791410875341314,0.029943045314995365
350.0,0.16693568358957284,0.0299911385445295
352.0,0.16595993792049427,0.030038526931603707
354.0,0.1649870023676831,0.03008521083680136
356.0,0.16401700258140264,0.030131190657397288
358.0,0.16305005934998115,0.03017646682772182
360.0,0.16208628870854874,0.030221039819504473
362.0,0.16240461061026643,0.028337151422882845
364.0,0.1614280297933738,0.028380354644932004
366.0,0.16045522517621114,0.02842293362548157
368.0,0.15948629220911237,0.028464888659389686
370.0,0.1585213220697848,0.028506220073218288
372.0,0.15756040177122368,0.028546928225506873
374.0,0.1566036142683094,0.02858701350703021
376.0,0.1556510385630334,0.028626476341040253
378.0,0.1547027498083055,0.028665317183493876
380.0,0.15375881941029523,0.028703536523264305
382.0,0.15281931512927116,0.028741134882338447
384.0,0.15188430117890134,0.028778112815999384
386.0,0.1509538383239865,0.028814470912994352
388.0,0.150027983976594,0.028850209795688305
390.0,0.14910679229057822,0.02888533012020371
392.0,0.14819031425445905,0.02891983257654618
394.0,0.14727859778265018,0.028953717888716694
396.0,0.14637168780501852,0.028986986814809754
398.0,0.14546962635477048,0.02901964014709882
400.0,0.144572452654654,0.029051678712108207
402.0,0.1436802032014755,0.02908310337067223
404.0,0.14279291184892803,0.029113915017981235
406.0,0.1419106098887328,0.02914411458361536
408.0,0.14103332613009734,0.02917370303156584
410.0,0.14016109697334145,0.029202668317734007
412.0,0.13929395625764618,0.029230998749615093
414.0,0.13843192543701274,0.029258695867182893
416.0,0.1375750237610682,0.029285761240773634
418.0,0.13672326834882903,0.02931219647106611
420.0,0.13587667426067204,0.02933800318905017
422.0,0.1359199569368012,0.027334839133115622
424.0,0.13507015047172433,0.027361212511334974
426.0,0.13422575740897114,0.027387029292598532
428.0,0.1333867820087129,0.027412290739797684
430.0,0.13255322683382303,0.027436998141569212
432.0,0.1317250928125153,0.027461152812271673
434.0,0.1309023792992923,0.02748475609195238
436.0,0.1300850841342362,0.0275078093463055
438.0,0.12927320370067036,0.027530313966620718
440.0,0.12846673298122474,0.0275522713697229
442.0,0.12766566561233614,0.027573682997903522
444.0,0.12686999393721332,0.027594550318842788
446.0,0.1260797090573001,0.02761487482552399
448.0,0.12529480088226524,0.027634658036138935
450.0,0.1245152581785531,0.0276539014939861
452.0,0.12374106861652293,0.027672606767359796
454.0,0.12297221881620894,0.027690775449432235
456.0,0.12220869439173361,0.02770840915812802
458.0,0.12145047999439974,0.02772550953599051
460.0,0.12069755935449662,0.027742078250041456
462.0,0.11994991532184572,0.027758116991633112
464.0,0.11920752990511858,0.02777362747629363
466.0,0.11847038430995317,0.027788611443565082
468.0,0.11773845897590043,0.027803070656835478
470.0,0.11701173361222578,0.027817006903163275
472.0,0.11629018723259765,0.027830421993096623
474.0,0.11557379818868706,0.027843317760485337
476.0,0.11486254420270703,0.02785569606228718
478.0,0.11415640239891917,0.02786755877836839
480.0,0.11345534933413239,0.027878907811297912
482.0,0.11275936102722008,0.027889745086136473
484.0,0.11206841298768225,0.027900072550219725
486.0,0.11138248024327538,0.027909892172936133
488.0,0.11070153736673756,0.027919205945500063
490.0,0.11002555850162958,0.027928015880718957
492.0,0.109354517387319,0.027936324012756555
494.0,0.10868838738312729,0.02794413239689052
496.0,0.10802714149166531,0.027951443109265797
498.0,0.10737075238137746,0.027958258246643622
500.0,0.1067191924083177,0.027964579926145844
502.0,0.10607243363717794,0.027970410284995317
504.0,0.10543044786158971,0.027975751480251984
506.0,0.10530396210401986,0.025920388949245265
508.0,0.1046639693203509,0.025928634226578696
510.0,0.10402878523013886,0.025936445413469917
512.0,0.10339837864407109,0.02594382418613361
514.0,0.10277271822757507,0.025950772238105418
516.0,0.1021517725167449,0.02595729128004492
518.0,0.10153550993367245,0.025963383039535656
520.0,0.10092389880120085,0.02596904926088133
522.0,0.10031690735711805,0.025974291704899444
524.0,0.09971450376780681,0.025979112148711715
526.0,0.09911665614136901,0.025983512385532037
528.0,0.09852333254023876,0.025987494224450854
530.0,0.09793450099330163,0.025991059490217867
532.0,0.09735012950753412,0.025994210023021356
534.0,0.096770186079179,0.025996947678265436
536.0,0.09619463870447106,0.02599927432634484
538.0,0.09562345538992681,0.02600119185241744
540.0,0.09505660416221266,0.026002702156174527
542.0,0.09449405307760435,0.026003807151609
544.0,0.09393577023105115,0.02600450876678161
546.0,0.09338172376485732,0.026004808943585363
548.0,0.09283188187699264,0.026004709637507836
550.0,0.09228621282904491,0.026004212817391986
552.0,0.09174468495382578,0.026003320465195535
554.0,0.09120726666264012,0.02600203457574824
556.0,0.09067392645223195,0.026000357156508187
558.0,0.09014463291141603,0.02599829022731664
560.0,0.0896193547274057,0.025995835820151494
562.0,0.0890980606918479,0.025992995978879545
564.0,0.08858071970657426,0.025989772759007868
566.0,0.0880673007890779,0.02598616822743376
568.0,0.08755777307772597,0.02598218446219437
570.0,0.08705210583671567,0.025977823552214806
572.0,0.08655026846078342,0.025973087597055997
574.0,0.08605223047967511,0.02596797870666166
576.0,0.08555796156238561,0.025962499001104422
578.0,0.08506743152117613,0.025956650610332022
580.0,0.08458061031537625,0.025950435673912562
582.0,0.0840974680549783,0.025943856340779493
584.0,0.08361797500403223,0.025936914768976388
586.0,0.08314210158384643,0.025929613125401523
588.0,0.08266981837600315,0.025921953585552323
590.0,0.08220109612519312,0.025913938333269427
592.0,0.0817359057418779,0.025905569560481463
594.0,0.08127421830478411,0.025896849466948972
596.0,0.08081600506323719,0.025887780260009312
598.0,0.08036123743933973,0.025878364154321282
600.0,0.07990988703000025,0.02586860337161038
602.0,0.07946192560881724,0.025858500140413902
604.0,0.07901732512782549,0.025848056695827095
606.0,0.07857605771910742,0.02583727527924926
608.0,0.07813809569627672,0.025826158138130863
610.0,0.07770341155583753,0.025814707525720775
612.0,0.07727197797842447,0.025802925700814643
614.0,0.07684376782992793,0.025790814927503694
616.0,0.07641875416250922,0.025778377474924466
618.0,0.07599691021550929,0.025765615617009355
620.0,0.07557820941625568,0.025752531632238135
622.0,0.07516262538077108,0.0257391278033902
624.0,0.07475013191438827,0.025725406417298292
626.0,0.07434070301227383,0.025711369764602865
628.0,0.07393431285986557,0.025697020139507816
630.0,0.07353093583322613,0.02568235983953728
632.0,0.07313054649931662,0.02566739116529372
634.0,0.07292715150335437,0.023766965647646972
636.0,0.07253014709874513,0.02375705634698123
638.0,0.07213609292856987,0.02374686490488512
640.0,0.07174496369516055,0.023736393156602646
642.0,0.07135673430333205,0.023725642941608453
644.0,0.07097137986003042,0.023714616103417494
646.0,0.07058887567392588,0.02370331448939565
648.0,0.07020919725495196,0.02369173995057064
650.0,0.06983232031379438,0.02367989434144399
652.0,0.06945822076133129,0.02366777951980353
654.0,0.06908687470802755,0.0236553973465369
656.0,0.06871825846328466,0.0236427496854457
658.0,0.06835234853474935,0.02362983840306083
660.0,0.06798912162758182,0.023616665368458224
662.0,0.06762855464368651,0.023603232453076207
664.0,0.0672706246809066,0.02358954153053312
666.0,0.06691530903218462,0.023575594476446648
668.0,0.06656258518469041,0.023561393168253553
670.0,0.0662124308189187,0.023546939485031088
672.0,0.06586482380775728,0.023532235307318967
674.0,0.06551974221552792,0.023517282516942847
676.0,0.06517716429700149,0.023502082996838865
678.0,0.06483706849638803,0.023486638630879266
680.0,0.0644994334463045,0.023470951303699483
682.0,0.06416423796672019,0.023455022900526243
684.0,0.06383146106388206,0.023438855307006855
686.0,0.06350108192922088,0.02342245040904037
688.0,0.06317307993823947,0.023405810092609308
690.0,0.06284743464938396,0.023388936243613156
692.0,0.06252412580289995,0.02337183074770332
694.0,0.06220313331967353,0.02335449549011911
696.0,0.06188443730005928,0.023336932355525402
698.0,0.06156801802269548,0.023319143227851724
700.0,0.061253855943308046,0.023301129990132705
702.0,0.06094193169350356,0.023282894524349965
704.0,0.06063222607955304,0.02326443871127563
706.0,0.060324720081166426,0.023245764430317267
708.0,0.06001939485025931,0.023226873559364286
710.0,0.05971623170971251,0.023207767974636105
712.0,0.059415212152124856,0.02318844955053155
714.0,0.059116317838560625,0.02316892015948013
716.0,0.05881953059729178,0.023149181671794774
718.0,0.05852483242253572,0.023129235955525997
720.0,0.05823220547318966,0.023109084876318086
722.0,0.057941632071561645,0.023088730297266415
724.0,0.05765309470209916,0.023068174078776968
726.0,0.057366576010115876,0.023047418078426883
728.0,0.05708205880051701,0.023026464150827188
730.0,0.05679952603652373,0.023005314147486834
732.0,0.056518960838397324,0.022983969916678677
734.0,0.056240346482163445,0.02296243330330703
736.0,0.0559636663983371,0.02294070614877688
738.0,0.055688904170648326,0.02291879029086471
740.0,0.05541604353476978,0.022896687563591433
742.0,0.05514506837704569,0.02287439979709655
744.0,0.054875962733223496,0.022851928817514324
746.0,0.05460871078718776,0.022829276446851635
748.0,0.05434329686969717,0.02280644450286748
750.0,0.05407970545712484,0.022783434798954224
752.0,0.05381792117020213,0.0227602491440208
754.0,0.05355792877276654,0.022736889342377317
756.0,0.053299713170513525,0.022713357193621646
758.0,0.053043259409752984,0.022689654492527644
760.0,0.05278855267617047,0.022665783028935245
762.0,0.05253557829359323,0.022641744587642117
764.0,0.052284321722761665,0.022617540948297214
766.0,0.05203476856010593,0.022593173885296015
768.0,0.0517869045365286,0.02256864516767767
770.0,0.05154071551619272,0.022543956559023432
772.0,0.05129618749531612,0.022519109817357514
774.0,0.051053306600972057,0.02249410669504903
776.0,0.05081205908989596,0.022468948938716204
778.0,0.0505724313472989,0.022443638289131915
780.0,0.05033440988568776,0.022418176481131355
782.0,0.05009798134369207,0.022392565243520936
784.0,0.04986313248489797,0.022366806298989454
786.0,0.04962985019668927,0.022340901364020664
788.0,0.04939812148909542,0.022314852148807494
790.0,0.0491679334936473,0.02228866035716835
792.0,0.048939273462239884,0.02226232768646466
794.0,0.04871212876600279,0.022235855827520554
796.0,0.048486486894178255,0.022209246464543902
798.0,0.048262335453006726,0.022182501275049223
800.0,0.04803966216462045,0.022155621929782217
802.0,0.04781845486594453,0.022128610092646075
804.0,0.04759870150760607,0.02210146742062919
806.0,0.047380390152851296,0.022074195563734803
808.0,0.04716350897647045,0.02204679616491228
810.0,0.04694804626373094,0.02201927085998981
812.0,0.04673399040931828,0.021991621277608904
814.0,0.046521329916285444,0.021963849039160554
816.0,0.04631005339501019,0.021935955758722883
818.0,0.046100149562160415,0.021907943043000457
820.0,0.04589160723966804,0.021879812491265305
822.0,0.045684415353710775,0.02185156569529924
824.0,0.045478562933702206,0.021823204239338072
826.0,0.04527403911129014,0.02179472970001708
828.0,0.04507083311936316,0.021766143646318462
830.0,0.0448689342910655,0.021737447639519767
832.0,0.044668332058819926,0.021708643233144396
834.0,0.044469015953359115,0.021679731972913185
836.0,0.04427097560276516,0.021650715396697832
838.0,0.04407420073151722,0.021621595034475628
840.0,0.04387868115954752,0.02159237240828572
842.0,0.04368440680130546,0.021563049032186827
844.0,0.04351491415093476,0.020155280632322088
846.0,0.043322853173926854,0.020131461912451083
848.0,0.043132010770340914,0.020107537115577015
850.0,0.04294237718018401,0.020083507545977878
852.0,0.0427539427341089,0.02005937450244305
854.0,0.04256669785251532,0.02003513927822684
856.0,0.042380633044658944,0.020010803161002365
858.0,0.04219573890776918,0.019986367432817356
860.0,0.042012006126174686,0.01996183337005051
862.0,0.04182942547043719,0.01993720224336925
864.0,0.04164798779649362,0.01991247531768853
866.0,0.04146768404480597,0.019887653852130677
868.0,0.041288505239519366,0.019862739099986416
870.0,0.041110442487628227,0.019837732308676897
872.0,0.0409334869781501,0.019812634719716924
874.0,0.04075762998130766,0.01978744756867914
876.0,0.040582862847718296,0.019762172085159273
878.0,0.04040917700759179,0.019736809492742487
880.0,0.04023656396993551,0.019711361008970807
882.0,0.04006501532176743,0.019685827845311567
884.0,0.039894522727336686,0.01966021120712674
886.0,0.039725077927351984,0.019634512293643564
888.0,0.039556672738217245,0.019608732297925896
890.0,0.03938929905127501,0.019582872406846846
892.0,0.039222948832057104,0.01955693380106216
894.0,0.03905761411954279,0.019530917654984655
896.0,0.038893287025424356,0.019504825136759916
898.0,0.038729959733379754,0.019478657408242426
